siv:2	11.802	18	0.0427690000	0.0565120000	18	1936	2052	only.ververt.cd4	fam227b,shcbp1,mtmr11,rai1,sbno1,fam168b,vps45,srcap,prpsap2,sept1,galk2,znf609,xpo1,sdf2,vps35,fmnl3,cenpl,pptc7
GO:9999999	107.014	107	1.0000000000	1.0000000000	107	15198	16198	all_genes	fam227b,shcbp1,fkbp11,prkag1,gpn3,rc3h1,fam216a,atf7,akap13,znf764,znf771,usp42,trip4,tjap1,itgal,ccdc28b,mtmr11,otud7b,fam186b,fgf7,larp4,tuba1a,epn2,bhmg1,kpna6,ap4s1,ccdc65,brap,slc5a10,kmt2d,akap8l,ppp1r13l,znf48,wdr70,rai1,kiaa1841,klc3,sbno1,wnt1,c5orf42,atxn2,znf106,rad9b,dmpk,arhgef4,cacnb3,nckap5l,kcnh3,asphd1,fam168b,cux2,acad10,dip2b,ddx23,kmt5a,vps45,sympk,zfhx3,sez6l2,cfap70,anapc7,mcrs1,rel,srcap,fam222b,prpsap2,ppp1cc,gphn,sept1,eif2ak1,galk2,znf609,xpo1,sdf2,vps35,znf689,rhebl1,aldh2,fbxw10,vps29,rsph6a,prkdc,tctn1,ift81,sh2b3,csnk1g1,pus10,sf3b4,fbrs,lmbr1l,usp34,kctd13,dars2,rev1,pex13,mss51,fmnl3,frmd5,fam109a,mapkapk5,mvp,snx14,cenpl,ddn,pptc7,atp2a2,spats2
